11378335
11378336
11378337
11378338
11378364
11378380
11378386
11378387
11378392
11378396
11378399
11378407
11378411
11378412
11378409
11378416
11378427
11390596
11396777
11390345
11390467
11390311
11390312
11378441
11378431
11378432
11378413
11378414
11378408
11390196
11378379
11378391
11378382
11378362
11378363
11378346
11378352
11378329
11378330
11378332
11378289
11378290
11378287
11378197
11378267
11378284
11378286
11378223
11378369
11378345
11378378
11378389
11378393
11378394
11378404
11378428
11378419
11390619
11395940
11378406
11378443
11390165
11390169
11378420
11378429
11378430
11378424
11378425
11378434
11378435
11378439
11378440
11378401
11378417
11378395
11378371
11378374
11378347
11378340
11378341
11378342
11378343
11378344
11378372
11378373
11378381
11378275
11378269
11378270
11378271
11378272
11378273
11378333
11378331
11378339
11378327
11378274
11378285
11378370
11378397
11378398
11378390
11378388
11378385
11378415
11378402
11378403
11378400
11378422
11378426
11378405
11378348
11378353
11378354
11378334
11378442
11390520
11390172
11378288
11378291
11378292
11378213
11378368
11378418
11378410
11378433
11378438
11378423
11378421
11390250
11390251
11390252
11390253
11390254
11390255
11390256
11390257
11390258
11390259
11390260
11390261
11390263
11390264
11390265
11390266
11390267
11390268
11390269
11390270
11390271
11390272
11390273
11390274
11390275
11390276
11390277
11390279
11390280
11390281
11390282
11390283
11390284
11390285
11390286
11390287
11390288
11390289
11390290
11390291
11390292
11390293
11390294
11390295
11390296
11390297
11390298
11390299
11390300
11390301
11390302
11390303
11390304
11390305
11390306
11390307
11390308
11390309
11390310
11390278
11378328
11390521
11390313
11390314
11390315
11390316
11390317
11390318
11390319
11390320
11390321
11390502
11390503
11390504
11390505
11390506
11390507
11390508
11390509
11390510
11390511
11390512
11390513
11390514
11390515
11390516
11390517
11390518
11390519
11378268
